0.28101800203333027	318.7378976
0.28073592000972597	318.7378976
0.2799672285250493	318.7378976
0.2787852810034793	318.7378976
0.2772963350231371	318.7378976
0.2752148624203829	318.7378976
0.27237388379631783	318.7378976
0.2693188033323437	318.7378976
0.2669052190663549	318.7378976
0.2654679933283942	318.7378976
0.26491227566990305	318.7378976
0.26485959872418335	318.7378976
0.2654082354227194	497.391368649685
0.2669139195525377	637.0338586285111
0.26946918433337735	656.2759344942285
0.2725326321500851	701.2607389906973
0.276291125904104	756.3108724097353
0.2806589175955955	785.6546263306902
0.2851288435389733	787.5192018850596
0.289518168499654	758.2897637257767
0.2942201426110856	625.7312313857287
0.2989244393789066	434.7512993093344
0.3032664306031405	318.7378976
0.30705449553101416	318.7378976
0.3103570465305877	318.7378976
0.31272011185786824	318.7378976
0.31427109918961427	318.7378976
0.31503884106401325	318.7378976
0.3149810914136837	318.7378976
0.31383841708226856	318.7378976
0.31163440150654526	318.7378976
0.308712135513143	318.7378976
0.3055478319502854	318.7378976
0.3022994680508288	318.7378976
0.2985881764119271	318.7378976
0.29473710222883137	318.7378976
0.2913339236364286	318.7378976
0.28876697467416484	318.7378976
0.2869079116093319	318.7378976
0.2858569656771112	318.7378976
0.2853340376221585	318.7378976
0.2848795916070352	318.7378976
0.28420844748297064	318.7378976
0.2833747658162894	318.7378976
0.28259169183970545	318.7378976
0.2817045512641164	318.7378976
0.28055858313134024	318.7378976
0.2790426321661851	318.7378976
0.2770629846202756	318.7378976
0.2748499208444254	318.7378976
0.27346985523440565	318.7378976
0.27299119617167766	318.7378976
0.2730057722314742	318.7378976
0.27347034017988137	318.7378976
0.2744509677268579	318.7378976
0.275529247119058	425.8185061731107
0.2768824380490283	588.0748765740157
0.27888147239530225	717.0571225236558
0.2815635846539675	798.5303498157571
0.2847410318615354	826.3598977875788
0.2883846895209482	762.0446368521702
0.292378829577361	628.9285761250644
0.2962763741541786	481.16123542141725
0.29983502629156356	330.5042296170373
0.30295360912678376	318.7378976
0.30529817937901826	318.7378976
0.3068828824890533	318.7378976
0.3080810834997902	318.7378976
0.309214590449677	318.7378976
0.3102232038132238	318.7378976
0.3106481865377635	318.7378976
0.3103279405515608	318.7378976
0.3089672346869031	318.7378976
0.3061869587953985	318.7378976
0.30205028389461214	318.7378976
0.2973534563328551	318.7378976
0.2925533395328096	318.7378976
0.2879230782798437	318.7378976
0.28425444948705325	318.7378976
0.28211352575230314	318.7378976
0.2809224642732068	318.7378976
0.2802214674974356	318.7378976
0.28016800119473456	318.7378976
0.2806185702129031	318.7378976
0.2811025691361681	318.7378976
0.2813506829982208	318.7378976
0.28138611096536126	318.7378976
0.2812606141745541	318.7378976
0.28083471964587614	318.7378976
0.28001687384987256	318.7378976
0.2787515458764277	318.7378976
0.2767307782763425	318.7378976
0.2737640464447226	318.7378976
0.2699933594590724	318.7378976
0.2665609465036838	318.7378976
0.2648589549031447	318.7378976
0.26495295169333294	318.7378976
0.2660752178188623	344.0474994218353
0.26807674475167026	430.7255035293199
0.2705978187019927	442.8970305235131
0.2729215609121382	485.28717285095956
0.2755233453141992	591.1657134149873
0.27927926784714346	625.9646184537886
0.2833433639875299	644.8893304377966
0.2870104416262875	692.4000202683542
0.2909296402745877	658.2846824393192
0.2951160435582883	504.07120214397065
0.2988066449015845	318.7378976
0.30191178123736373	318.7378976
0.30453465514483913	318.7378976
0.30634842331424145	318.7378976
0.30731252577424306	318.7378976
0.3078727971611511	318.7378976
0.30796163797828774	318.7378976
0.30730670704309054	318.7378976
0.30565160805148345	318.7378976
0.3027377722907316	318.7378976
0.29908771248763816	318.7378976
0.2955922521981383	318.7378976
0.2921777203511834	318.7378976
0.2890793145411405	318.7378976
0.2870048832835354	318.7378976
0.2858364115974213	318.7378976
0.2850477193793098	318.7378976
0.2844586986720634	318.7378976
0.28423498699166927	318.7378976
0.2840984028450901	318.7378976
0.2837876901009742	318.7378976
0.2834158199051691	318.7378976
0.2830250458919089	318.7378976
0.28235420745684575	318.7378976
0.28130537951982276	318.7378976
0.280116785587119	318.7378976
0.27871249271177	318.7378976
0.27679775897990294	318.7378976
0.27437222705903647	318.7378976
0.2716122852491161	318.7378976
0.26866235595050253	318.7378976
0.26641604355343285	318.7378976
0.26552719471580033	318.7378976
0.265746321197491	345.47532114669644
0.26671812971203906	535.3798229101538
0.2684467698118567	655.4848726524965
0.27069928258531106	699.1679643175224
0.2735222623549683	703.8795306110458
0.2772462126845874	672.3544491127565
0.2815623087509367	627.5779009555372
0.28575548042768095	582.5845610455233
0.2897309415631002	515.8731088763591
0.29343335892030564	423.26561858780354
0.29670613574301496	318.7378976
0.29965343464990213	318.7378976
0.3025930178718707	318.7378976
0.3055696649630123	318.7378976
0.30827920615665594	318.7378976
0.31019276637107807	318.7378976
0.3105756899404792	318.7378976
0.30934490474192733	318.7378976
0.30682650255123617	318.7378976
0.30407822035081244	318.7378976
0.3018400063187024	318.7378976
0.29963780541977414	318.7378976
0.2969800439736732	318.7378976
0.29425720122108623	318.7378976
0.29172985578317745	318.7378976
0.2894868729608851	318.7378976
0.2876691439122077	318.7378976
0.28640558673592287	318.7378976
0.2855081198279124	318.7378976
0.2845293545028567	318.7378976
0.2833224992148344	318.7378976
0.2819548746838625	318.7378976
0.2804527466349991	318.7378976
0.27866350134697193	318.7378976
0.27654398333453684	318.7378976
0.27428687521085543	318.7378976
0.27233029882008497	318.7378976
0.2706437808427988	318.7378976
0.2691390388666544	318.7378976
0.26759401754155654	318.7378976
0.2662431003746878	318.7378976
0.2658131031309672	523.3251513218372
0.2668526086041479	611.044268522169
0.26932381793223736	585.3162234695537
0.27277998818997934	538.1358208864476
0.2764791494927748	565.1889038076017
0.2801182068035324	633.1760707180127
0.28387066733943517	643.1435954170977
0.28772403148920206	633.6238904217159
0.29178931691603327	593.321915478014
0.2958717697518918	521.3195858667415
0.29965653365436995	387.2263666500605
0.30279781930014227	318.7378976
0.3054382066206034	318.7378976
0.30764534584456715	318.7378976
0.3094968020828147	318.7378976
0.3105975000681253	318.7378976
0.31123125018618386	318.7378976
0.3109098244736099	318.7378976
0.309248000519758	318.7378976
0.3062029400669858	318.7378976
0.3027946796958735	318.7378976
0.2993615428453436	318.7378976
0.2958619307470024	318.7378976
0.2922727468683042	318.7378976
0.28914095196549855	318.7378976
0.2867081485786811	318.7378976
0.2845613613328655	318.7378976
0.2828833508102678	318.7378976
0.28214218734031377	318.7378976
0.28206172089784864	318.7378976
0.2816731370797712	318.7378976
0.28106062073540616	318.7378976
0.2804863042073246	318.7378976
0.27957426045927125	318.7378976
0.2782528673878988	318.7378976
0.27675957116783195	318.7378976
0.27489056486707375	318.7378976
0.27249397220993354	318.7378976
0.2697344973237387	318.7378976
0.26727197582001405	318.7378976
0.26621880599181075	331.153703918263
0.26621347784689126	399.44496038843397
0.26737577307214894	441.06320253925367
0.2696698491961091	451.1637573637604
0.27278236610965134	411.8133082575493
0.27564148143082867	460.5977050967571
0.27870883250441103	517.2477713301249
0.2822504205340072	555.9436420232661
0.28615459625656275	545.0949123326725
0.2899321854992336	517.2403348124262
0.29406090897793086	378.89475225388264
0.29825119874731276	318.7378976
0.3021107160973518	318.7378976
0.3053009277138416	318.7378976
0.30783817770137556	318.7378976
0.30930554025903906	318.7378976
0.3104002245180633	318.7378976
0.31134075411252304	318.7378976
0.31206554551432963	318.7378976
0.3123530230342741	318.7378976
0.3117897112876503	318.7378976
0.3099966759769538	318.7378976
0.306954767965272	318.7378976
0.3032836326760015	318.7378976
0.2996567986612822	318.7378976
0.2963116426921062	318.7378976
0.2931046937274349	318.7378976
0.2909461056862424	318.7378976
0.28965153759093043	318.7378976
0.28849947088938116	318.7378976
0.28769740225972873	318.7378976
0.2875919666337512	318.7378976
0.28775886276321067	318.7378976
0.2874408821255732	318.7378976
0.2867695318158928	318.7378976
0.2855371597598953	318.7378976
0.28386081019136633	318.7378976
0.28162669447724714	318.7378976
0.2789366291103993	318.7378976
0.275840087936998	318.7378976
0.27310703685925347	318.7378976
0.2703909174299332	318.7378976
0.2679310491900243	318.7378976
0.2665296404094413	318.7378976
0.2664775631863863	318.7378976
0.2675433683238358	318.7378976
0.26971609629589116	318.7378976
0.27261109738127276	318.7378976
0.2755431871265844	318.7378976
0.2788790119289357	318.7378976
0.28258283758779756	318.7378976
0.28654690456262827	318.7378976
0.2905446885054631	318.7378976
0.29433217855518423	318.7378976
0.2978500095341853	318.7378976
0.3011642757411306	318.7378976
0.30403090515850245	318.7378976
0.30647491021896883	318.7378976
0.3088096488512257	318.7378976
0.3110201378487916	318.7378976
0.31252173214302775	318.7378976
0.31310362989355167	318.7378976
0.31271232074893907	318.7378976
0.3112808612829049	318.7378976
0.308797559787942	318.7378976
0.30571163600336104	318.7378976
0.3027652095197617	318.7378976
0.299971466236988	318.7378976
0.29682198623697265	318.7378976
0.2935511101654661	318.7378976
0.2913551280956293	318.7378976
0.2900459335738591	318.7378976
0.2892045679963508	318.7378976
0.2888565864061417	318.7378976
0.289000652911717	318.7378976
0.2887103455792898	318.7378976
0.28790023351826066	318.7378976
0.2868738382832603	318.7378976
0.2855579298438606	318.7378976
0.28370767453303436	318.7378976
0.28136369049370674	318.7378976
0.27846393518294416	318.7378976
0.27516616407148853	318.7378976
0.2720276721901296	318.7378976
0.26929792742430525	318.7378976
0.267457416877071	318.7378976
0.2663594818504972	318.7378976
0.2660854817599908	378.9164882887068
0.2669087182030196	490.1959434800249
0.26896101722470944	495.4874828339807
0.27141420480377737	543.3305467106354
0.27433813663802176	633.0416764832357
0.277834761337042	719.1999432815662
0.28184687138038156	738.8510210529528
0.28592087315896925	721.8817170378345
0.2902156643488424	644.2402698482856
0.2947431088693318	517.2514133909515
0.2990273014510732	370.36406343045303
0.30258122761225326	318.7378976
0.30546331844731667	318.7378976
0.3075698956922223	318.7378976
0.3093038987896669	318.7378976
0.3108431681359951	318.7378976
0.31205694834753145	318.7378976
0.3126922949980616	318.7378976
0.3122828496570705	318.7378976
0.3104300649047693	318.7378976
0.30731117414731135	318.7378976
0.3036752004620543	318.7378976
0.2999020570559029	318.7378976
0.29592897868497936	318.7378976
0.2914783416086725	318.7378976
0.2870088590104962	318.7378976
0.28297626425683997	318.7378976
0.2796738761834064	318.7378976
0.27736027392378654	318.7378976
0.27637711681378413	318.7378976
0.2765873405679271	318.7378976
0.2770465880256527	318.7378976
0.2772252462448872	318.7378976
0.2772851253385952	318.7378976
0.27724208390185084	318.7378976
0.2768032944032544	318.7378976
0.2760654807588558	318.7378976
0.2750512203531749	318.7378976
0.2735744234971497	318.7378976
0.27199401373782495	318.7378976
0.2707845687667854	318.7378976
0.2699062954590009	318.7378976
0.26917725492972455	318.7378976
0.26843664489318725	318.7378976
0.2678786325374189	444.5953750044338
0.26822681387626246	618.741690615165
0.2700068955297725	636.9722471565144
0.2728863987071541	596.8491469983875
0.27637381566549213	588.9836214411874
0.28049714692807093	570.947423228363
0.2847099034034259	539.0589772247941
0.2885634864114923	513.1271623925064
0.2924351191911282	458.92242827743155
0.296524272825939	326.00868793339987
0.3002415925522538	318.7378976
0.30345676911269676	318.7378976
0.30639757009116547	318.7378976
0.3090757080792761	318.7378976
0.3108964599071898	318.7378976
0.3117240783436297	318.7378976
0.31153950735073677	318.7378976
0.31017267723391495	318.7378976
0.3075889959973118	318.7378976
0.30472213605863147	318.7378976
0.30228422531999205	318.7378976
0.29996939489708974	318.7378976
0.2972914095938229	318.7378976
0.2941873779512852	318.7378976
0.2910346550989524	318.7378976
0.2883224283309236	318.7378976
0.28611142109133053	318.7378976
0.28451235295786387	318.7378976
0.2836367782690553	318.7378976
0.2830620420978255	318.7378976
0.28219193298066986	318.7378976
0.28110251794535224	318.7378976
0.280051335570382	318.7378976
0.27875675041824993	318.7378976
0.27711013472157536	318.7378976
0.27526459465780373	318.7378976
0.27340880622737146	318.7378976
0.271587278953937	318.7378976
0.2698725732971092	318.7378976
0.2682464741949004	318.7378976
0.2668003697755089	441.2731032610716
0.26599563085172734	750.8186308377694
0.26663735404552646	897.9538888937086
0.2688001970060049	896.3081520261867
0.27174436251108275	902.5165565259782
0.27518150865366003	930.6480665139286
0.2789955933726354	934.9796616949745
0.28294390791746743	884.9022268207708
0.2870203831815311	791.8248979500559
0.29147514546893605	660.8971360436442
0.29595046143025633	501.7784224976662
0.30000328070288823	337.94895234245917
0.3035229686915228	318.7378976
0.30651124611608627	318.7378976
0.3087574164395338	318.7378976
0.3103746609328723	318.7378976
0.3116900020217112	318.7378976
0.3126654360327575	318.7378976
0.313100876290514	318.7378976
0.3127025965773194	318.7378976
0.3110961990298828	318.7378976
0.30816704296795955	318.7378976
0.3040273515929497	318.7378976
0.29932418576578357	318.7378976
0.2947664466759	318.7378976
0.2909256593063302	318.7378976
0.28807527336796024	318.7378976
0.2862244178173226	318.7378976
0.28494538460323077	318.7378976
0.28400720077764857	318.7378976
0.2832815727248345	318.7378976
0.2826931767992239	318.7378976
0.2820936784179753	318.7378976
0.28131277749739364	318.7378976
0.2804658792625214	318.7378976
0.279487172668036	318.7378976
0.2782981633810676	318.7378976
0.2770104019073793	318.7378976
0.2754971211102901	318.7378976
0.2737375583546441	318.7378976
0.2722028089138428	318.7378976
0.27132904090659943	396.1122652688062
0.27122215413009776	454.28588924833
0.2717494634004412	528.0675222661024
0.27291195190254713	639.0142784468803
0.2742491667726644	805.0611775288749
0.27573557630842527	960.9759234322407
0.27779204552814507	1072.44401170122
0.280862574765665	1114.0237611575703
0.2846564093589403	1090.8103877424123
0.28881157058732065	1039.4844061141075
0.2931606996320216	972.5619113055743
0.29752883906070937	897.7800835070689
0.30169974527548626	812.2084547965902
0.30547719860837336	718.0653873364593
0.3087401572378067	600.3677868248321
0.31154978284158213	413.48124260756873
0.3141690771852424	318.7378976
0.3167148038505385	318.7378976
0.31905042556301044	318.7378976
0.3206053224594884	318.7378976
0.3210040666442322	318.7378976
0.3200631936748373	318.7378976
0.3180845681479002	318.7378976
0.3154498408182654	318.7378976
0.31218456552502144	318.7378976
0.3081842539318799	318.7378976
0.3032225740382799	318.7378976
0.2974209110570307	318.7378976
0.29170516195719404	318.7378976
0.28727439242421476	318.7378976
0.28419695907336123	318.7378976
0.28241922197877956	318.7378976
0.28189513027645546	318.7378976
0.28207593879740045	318.7378976
0.2820879322861184	318.7378976
0.281841708116301	318.7378976
0.28157155465578326	318.7378976
0.28105551869917955	318.7378976
0.27990941033523176	318.7378976
0.27823010755898825	318.7378976
0.2760296444655537	318.7378976
0.27322605474055683	318.7378976
0.2701850447709354	318.7378976
0.2677083300084604	329.88946631266805
0.26661411976099497	479.75477571433186
0.2666882060141703	580.550176952341
0.267770713683302	682.6830044331435
0.26982936560348036	760.5405991582895
0.2723219558807795	800.8933065964079
0.27480500381272294	863.6580522022421
0.27793838505758867	879.8006784847101
0.28180387682575186	841.626408756088
0.28595769035490926	776.2169469473708
0.29005645539161823	697.5987023451003
0.29419733044652574	569.4331747183736
0.2980926579657723	413.44236433856395
0.30138770917560637	318.7378976
0.30409268922421495	318.7378976
0.3064018441605839	318.7378976
0.3082019343314188	318.7378976
0.30993705225094087	318.7378976
0.3114296308450777	318.7378976
0.3122293046167764	318.7378976
0.3118507568251326	318.7378976
0.3102295005685858	318.7378976
0.30739854077455525	318.7378976
0.30362313661061374	318.7378976
0.2992860968472096	318.7378976
0.29483532520823186	318.7378976
0.2909174327239006	318.7378976
0.2880983687804272	318.7378976
0.2864021339589877	318.7378976
0.28514622928787686	318.7378976
0.2839583481976639	318.7378976
0.2833124825814639	318.7378976
0.28304076645666276	318.7378976
0.2824262936100208	318.7378976
0.28139460043805986	318.7378976
0.2803104734606411	318.7378976
0.2788076622994132	318.7378976
0.27668497802029335	318.7378976
0.2738249183247624	318.7378976
0.27048829506771027	318.7378976
0.267432255415262	318.7378976
0.265702233875305	318.7378976
0.2648826658884998	318.7378976
0.26480579143403943	383.9210977820118
0.26551752360336883	553.2652131636306
0.2671604146448483	655.9094745175667
0.26928754430917484	724.3923284457301
0.27195414299841564	788.9797864508542
0.27510197885993454	886.6344006386471
0.2788867863613645	919.2762474078571
0.28281871652437374	903.6161152798209
0.2868644108691399	845.9523679614985
0.2913464281251573	736.5766864880374
0.2958710762497936	602.1771478868
0.29981942303352105	455.077702590056
0.3032201770765954	318.7378976
0.3059876915871551	318.7378976
0.30831399856602687	318.7378976
0.31046434944636014	318.7378976
0.3124056569957077	318.7378976
0.3137393964552591	318.7378976
0.31362242397214507	318.7378976
0.31221617824380526	318.7378976
0.3091737868728632	318.7378976
0.30476373455903955	318.7378976
0.300033570635004	318.7378976
0.29617302431571957	318.7378976
0.29256790941094846	318.7378976
0.28953081585203405	318.7378976
0.28747032408273476	318.7378976
0.2860000215373713	318.7378976
0.28457804583743884	318.7378976
0.28349395504060804	318.7378976
0.28307302258906003	318.7378976
0.28271121389650833	318.7378976
0.28196123513939814	318.7378976
0.28087036221889106	318.7378976
0.2796688853210143	318.7378976
0.27813974431288013	318.7378976
0.2762092504212907	318.7378976
0.27395266714523125	318.7378976
0.2718755522395445	318.7378976
0.2697432961221642	318.7378976
0.26771327496955294	318.7378976
0.2661194014599794	480.1139825194665
0.26595075096509585	615.0857427853139
0.267039091171717	705.5330145263982
0.26893337919079136	828.5399606477924
0.27163611644096514	904.049144800887
0.27480815789035484	923.9513046075947
0.27800598497650736	925.5287493286139
0.2816274073866673	907.3988288881804
0.2858330642381834	853.8884455234722
0.2898331414580078	794.2704514276219
0.2935234379736852	732.7190403609495
0.2971950495074937	646.3151146120399
0.3007010995975637	509.47243960434514
0.303663688328465	337.2761997450975
0.3061079501214954	318.7378976
0.30820759971555084	318.7378976
0.31017067852088176	318.7378976
0.31154684666868243	318.7378976
0.31234468763785017	318.7378976
0.3121089307378289	318.7378976
0.3105028231168801	318.7378976
0.30764610246363133	318.7378976
0.304510251450809	318.7378976
0.3014920636667704	318.7378976
0.2985485271583348	318.7378976
0.29551173874690595	318.7378976
0.29232438330668986	318.7378976
0.2894268500967965	318.7378976
0.28676705237412686	318.7378976
0.2846225580540707	318.7378976
0.2832614356455663	318.7378976
0.28260931098041847	318.7378976
0.28208988280097347	318.7378976
0.2815313150305217	318.7378976
0.28083931184630556	318.7378976
0.2799664359981099	318.7378976
0.278733530711183	318.7378976
0.2769534708813904	318.7378976
0.27468561997994034	318.7378976
0.2719941906900483	318.7378976
0.2694303122059894	318.7378976
0.26751322511660375	318.7378976
0.2663354122805033	318.7378976
0.2655830500341289	520.4371604404371
0.2657736622062556	743.8695930994986
0.26726675289175045	839.019897810851
0.2699418239948105	825.6998483782594
0.273223036035924	816.56939436862
0.2768445151934148	849.4852691765266
0.2807455426582361	856.5946184331118
0.2848701073679363	800.6307221827807
0.28919467097067225	716.4291528726219
0.2936244002700176	623.9542892508944
0.2980354024148561	537.5164409684478
0.30214194495008806	436.6080183794811
0.3056157316802028	318.7378976
0.3084418100535022	318.7378976
0.31061236688056343	318.7378976
0.3125295900896723	318.7378976
0.3141562917336229	318.7378976
0.3151612753107964	318.7378976
0.3150413458578477	318.7378976
0.31339289255478053	318.7378976
0.31046497869733797	318.7378976
0.30692668775831944	318.7378976
0.30321018811807643	318.7378976
0.29915663644606527	318.7378976
0.29502988811158015	318.7378976
0.2910612249306124	318.7378976
0.2876032215006372	318.7378976
0.2848131340768588	318.7378976
0.2830574650462979	318.7378976
0.28267816148496205	318.7378976
0.28313633034810387	318.7378976
0.2836437858682443	318.7378976
0.28398605273530325	318.7378976
0.2842406930400947	318.7378976
0.28389708936815783	318.7378976
0.2829803864930658	318.7378976
0.2815874273606777	318.7378976
0.2796541606366551	318.7378976
0.2770839837088158	318.7378976
0.27435387838789266	318.7378976
0.27156624532179663	318.7378976
0.2687479816967318	318.7378976
0.2666098103406283	318.7378976
0.2656999435498744	318.7378976
0.2656850551048863	318.7378976
0.26655155730857566	318.7378976
0.2684419606078312	410.63264866238205
0.2709439351133192	449.31277664308584
0.27415891958369243	430.41052965807745
0.2783083614307529	346.7301885024588
0.2828094057630283	318.7378976
0.28726901033472396	318.7378976
0.2918542066598883	318.7378976
0.29614568253630025	318.7378976
0.2997599696110899	318.7378976
0.30285242009513275	318.7378976
0.3055304331652933	318.7378976
0.30789776522998963	318.7378976
0.3100710727369607	318.7378976
0.311836150216877	318.7378976
0.31306288204048033	318.7378976
0.3134551372301121	318.7378976
0.31242434020573806	318.7378976
0.31004079728873285	318.7378976
0.30675633708464567	318.7378976
0.30278347748976553	318.7378976
0.2985190396480107	318.7378976
0.29447890618804284	318.7378976
0.2913524400251852	318.7378976
0.289548103750083	318.7378976
0.2886446711693046	318.7378976
0.28791238607894326	318.7378976
0.2871906887881888	318.7378976
0.2866723950477292	318.7378976
0.28581517480097157	318.7378976
0.28436642287840413	318.7378976
0.28274765002965435	318.7378976
0.28100793432308774	318.7378976
0.27888432779973304	318.7378976
0.276522135666003	318.7378976
0.27400949937364955	318.7378976
0.2713393032098999	318.7378976
0.26904072686074143	318.7378976
0.267561670177021	523.2561590706534
0.2673796758065387	694.8352530342563
0.268736702642693	758.5292477012058
0.2712857839010877	761.7460354681655
0.2742580083045873	776.9024555765934
0.27757747705314967	772.3710595407103
0.2810668070382419	762.5910791809605
0.28446841181222066	793.4818981078076
0.2880291600929307	810.433692840657
0.2919050325097692	798.0126295839902
0.29580911941642046	769.736226785742
0.2995107797124696	722.8530635776215
0.30298524758822976	649.2407403800368
0.3059954538092793	551.3307063186767
0.308375557488324	427.19128001407285
0.3102029669554803	318.7378976
0.31148406280596885	318.7378976
0.3123299733622207	318.7378976
0.3129234276533781	318.7378976
0.3129102999529502	318.7378976
0.3120491474230903	318.7378976
0.3103694354144416	318.7378976
0.30802087002382567	318.7378976
0.3051844031747676	318.7378976
0.30228669616026116	318.7378976
0.29936537531943874	318.7378976
0.29605971170979273	318.7378976
0.29247017854128965	318.7378976
0.2890937693543116	318.7378976
0.28627503092127804	318.7378976
0.28426315000976743	318.7378976
0.28325235892165174	318.7378976
0.2831155826864174	318.7378976
0.28329354190031836	318.7378976
0.2832817178238318	318.7378976
0.2829388558474085	318.7378976
0.2823534795107997	318.7378976
0.2812527765838761	318.7378976
0.27949620128250263	318.7378976
0.2771294081283284	318.7378976
0.27421877103522707	318.7378976
0.2709835909522875	318.7378976
0.26812730084973296	318.7378976
0.2660879911220034	318.7378976
0.2648670743094377	402.63687788331265
0.26408409445522363	610.2313536005479
0.26360342732305847	872.5025669058812
0.26397814844291223	1021.8696878836062
0.2655485948690737	995.5450911364986
0.2681988572515454	867.585274110526
0.271693219848844	720.9234487946721
0.2759497359441303	576.461743769091
0.28037974155712997	463.4631647910444
0.2846763983057781	351.37628928663213
0.28860437539787853	318.7378976
0.2923314920974981	318.7378976
0.29580147043354643	318.7378976
0.29858783806136185	318.7378976
0.30077668413669173	318.7378976
0.3027549300861884	318.7378976
0.3047481522976345	318.7378976
0.30677319304099454	318.7378976
0.3088396620744877	318.7378976
0.3104114994764672	318.7378976
0.31099137523702525	318.7378976
0.3101227080978779	318.7378976
0.308121019071609	318.7378976
0.30519530590827754	318.7378976
0.30114823882429903	318.7378976
0.29599258070307916	318.7378976
0.291044996778923	318.7378976
0.28709455798372085	318.7378976
0.28458887716732006	318.7378976
0.2835141992926966	318.7378976
0.28340348596811565	318.7378976
0.2835055954775969	318.7378976
0.2834537468344681	318.7378976
0.28320132327387876	318.7378976
0.2828699069339835	318.7378976
0.2822762672037817	318.7378976
0.2813178840386125	318.7378976
0.27982370512227045	318.7378976
0.2776826482523579	318.7378976
0.27492554313818707	318.7378976
0.2715850699060191	318.7378976
0.26771434068692396	318.7378976
0.2640276874919887	318.7378976
0.26240084921371176	501.8630837614792
0.2629157149341812	438.29334865351444
0.26477648845878093	330.5218886689122
0.2672380780914382	318.7378976
0.26971374147509686	372.6973156064117
0.2716421029303126	491.7504192297346
0.2738847442102508	594.0933716099003
0.2770882520033804	662.5905272176105
0.2811037479788107	666.4705548935938
0.28507880703522614	640.8411950905199
0.28925515211504726	518.799441616663
0.29357567289752595	364.86511703986054
0.2977049490470644	318.7378976
0.30141553070778404	318.7378976
0.3047254134719453	318.7378976
0.30740236824988065	318.7378976
0.30974794941258815	318.7378976
0.31160877873952164	318.7378976
0.31271986037898275	318.7378976
0.3130052740500053	318.7378976
0.31231657097971915	318.7378976
0.31057623786810906	318.7378976
0.308158155501137	318.7378976
0.30545231986894045	318.7378976
0.302781706307328	318.7378976
0.29988228572178743	318.7378976
0.2964382216096503	318.7378976
0.2933031981223955	318.7378976
0.2908493423799438	318.7378976
0.288731196927086	318.7378976
0.2878053468421824	318.7378976
0.2878503563799236	318.7378976
0.28780148587012566	318.7378976
0.2870782802219898	318.7378976
0.2862333729524547	318.7378976
0.28522569044009205	318.7378976
0.28396516720362924	318.7378976
0.28223063455831143	318.7378976
0.28001031828339934	318.7378976
0.2775730916267524	318.7378976
0.2753075825265827	318.7378976
0.2732886654296823	318.7378976
0.27146602705419326	318.7378976
0.26970425215521665	318.7378976
0.26808542352589454	387.97041957784177
0.26711064164534654	634.7009047310657
0.26711916075071374	763.5373473262166
0.2684650509445327	741.6286688571521
0.2707831998344616	660.0738154021776
0.27369415866990193	605.0557150866406
0.27674309101339145	628.3098218996682
0.2801451551011543	614.9584189230849
0.28366447436229564	575.7836868645975
0.2870632930444749	574.3787742413954
0.29062204792649743	564.9346412908856
0.29438695676635857	488.07999584438073
0.2977151333692851	379.43691696836123
0.3005657538885082	318.7378976
0.30334262589648475	318.7378976
0.3060299195624539	318.7378976
0.3080448019481423	318.7378976
0.30963542258564347	318.7378976
0.3105264965663687	318.7378976
0.3102723221003629	318.7378976
0.3087937878044522	318.7378976
0.30695325371852605	318.7378976
0.30516875742970195	318.7378976
0.3031805669420421	318.7378976
0.3004182665075032	318.7378976
0.2970531164510534	318.7378976
0.2937870093587047	318.7378976
0.2908353980593744	318.7378976
0.2884209738971995	318.7378976
0.2867779379541977	318.7378976
0.285804640438117	318.7378976
0.28506544041338344	318.7378976
0.2842763523504505	318.7378976
0.28341472764359865	318.7378976
0.28263407986046996	318.7378976
0.2818061441196819	318.7378976
0.2806941523044451	318.7378976
0.27943391416875796	318.7378976
0.27770470893828836	318.7378976
0.27523806444316995	318.7378976
0.2723537204605129	318.7378976
0.2700012912153361	318.7378976
0.26856243197124957	318.7378976
0.2684845417929808	318.7378976
0.2692808373639187	318.7378976
0.27034621019128463	419.29758060339117
0.27111807477962147	603.2741546177483
0.27213712053848144	692.0822102357276
0.2739719144569279	680.0305728590881
0.2766695184552804	624.2729893605349
0.27979231542067373	566.7400109664086
0.28308038159379706	500.9887921604047
0.2863041999964181	414.65105711309894
0.28921166140883	342.9673015342662
0.2919648345689304	318.7378976
0.2946170238891962	318.7378976
0.29724869466052556	318.7378976
0.2997457413317904	318.7378976
0.3024220125367528	318.7378976
0.3050197837121468	318.7378976
0.30712162968398954	318.7378976
0.3077593918974076	318.7378976
0.30735035996286303	318.7378976
0.3055059980470335	318.7378976
0.30275441841831835	318.7378976
0.29979314809080515	318.7378976
0.2969614032771782	318.7378976
0.29330687585969045	318.7378976
0.2895701764644267	318.7378976
0.2864652529285794	318.7378976
0.28433415709473364	318.7378976
0.2837073607602288	334.3543935098977
0.2844806127900083	318.7378976
0.28580262250690364	318.7378976
0.28671456845965193	318.7378976
0.28719876476449496	318.7378976
0.2871728939777536	318.7378976
0.28669663832804226	318.7378976
0.28557641739622625	318.7378976
0.28398258522559966	318.7378976
0.28183791169896766	318.7378976
0.2795210261306141	318.7378976
0.27731442156197056	318.7378976
0.2755719879828357	318.7378976
0.274097034403188	318.7378976
0.27262560183914475	318.7378976
0.27107535958818485	318.7378976
0.2697783818042258	318.7378976
0.2693579859044037	482.17276000570837
0.27021445375287273	518.0056695475322
0.27202696547335375	531.4707489631469
0.2745603208803817	550.815907389169
0.2774573486721016	574.0713363349025
0.2806112694115582	561.2405503556379
0.2840500686792679	511.42659630201763
0.2878826593882238	432.1945004333604
0.29149011849793033	372.9277705963092
0.29461867406331166	333.6008064580561
0.29737264935069696	318.7378976
0.29986659255136705	318.7378976
0.3022039253682324	318.7378976
0.30448493212940103	318.7378976
0.30680832967730376	318.7378976
0.3090257751456653	318.7378976
0.3107295929657686	318.7378976
0.31109099620352243	318.7378976
0.30988043470351434	318.7378976
0.3078939385246303	318.7378976
0.30580812109985955	318.7378976
0.30336055286748553	318.7378976
0.3003079524150582	318.7378976
0.2971059528712432	318.7378976
0.293884480367656	318.7378976
0.2908831191773697	318.7378976
0.2883910965505943	318.7378976
0.28659969276997427	318.7378976
0.28555353491171614	318.7378976
0.2849180715414448	318.7378976
0.2842232393579242	318.7378976
0.28345292862142424	318.7378976
0.2828092584495283	318.7378976
0.28206027147627766	318.7378976
0.28095654277853765	318.7378976
0.2795535401974119	318.7378976
0.277854096798637	318.7378976
0.2759071348908768	318.7378976
0.27435233304447726	318.7378976
0.27344451578951057	318.7378976
0.2731443775820874	318.7378976
0.27331556961622594	342.6118449140213
0.2740580964606868	421.7196009461062
0.27494248517772363	542.9188510458234
0.27585873540846123	675.5619450748399
0.2772072869261978	778.6559293792161
0.27931468453134095	839.1892625455087
0.2821587262077036	842.7341497600988
0.285528208205963	789.4281502055526
0.2892019085643904	696.1926304174183
0.29281970933592516	595.7835471828757
0.29622783718815093	492.7695050771198
0.2993721279748012	366.60250243773146
0.3020499272454346	318.7378976
0.3042768197731485	318.7378976
0.30641634057764255	318.7378976
0.30869266701013554	318.7378976
0.311016205632275	318.7378976
0.31259030533491367	318.7378976
0.3128459542116164	318.7378976
0.31180653132207375	318.7378976
0.30959958474820976	318.7378976
0.3062143436842149	318.7378976
0.3017881228215772	318.7378976
0.29678207626522846	318.7378976
0.29207699031932216	318.7378976
0.2882564869642957	318.7378976
0.2857565092314326	318.7378976
0.28479060542004664	318.7378976
0.28460672175910595	318.7378976
0.2843633350144394	318.7378976
0.284294515660522	318.7378976
0.2844469280763123	318.7378976
0.2840169670402336	318.7378976
0.2828970844271113	318.7378976
0.2815888569528804	318.7378976
0.27997055697499834	318.7378976
0.27789343020282875	318.7378976
0.27585529700676936	318.7378976
0.2738054471762683	318.7378976
0.27173147263436137	318.7378976
0.2700429645583139	318.7378976
0.26897971662164444	349.6801066057542
0.26886215962799964	513.3619399953138
0.26987201636605174	618.7163763932944
0.27184814157813336	655.6436862889418
0.27434083189444003	664.8582046879585
0.277215729028792	659.6634790850867
0.28024942092627986	687.1992869832006
0.28341313438466953	719.5398796347041
0.2866389007373515	717.237657776501
0.2899641962387926	694.6863906340154
0.29342535111528106	647.2813853398086
0.29679825688261074	578.1890161612557
0.29989765825894504	477.8191065002953
0.30274008639564026	323.1597587652455
0.3053988606955503	318.7378976
0.30782789912473146	318.7378976
0.30986200034130673	318.7378976
0.3113552080180705	318.7378976
0.31234357214918906	318.7378976
0.31220343441900766	318.7378976
0.31044158571484687	318.7378976
0.3073503082258068	318.7378976
0.30393600255972864	318.7378976
0.30069262230100535	318.7378976
0.2975210957935445	318.7378976
0.29462008452904614	318.7378976
0.29227416794294325	318.7378976
0.29046503078189756	318.7378976
0.28887932280306655	318.7378976
0.28748046348600803	318.7378976
0.286424271630691	318.7378976
0.2856294898195335	318.7378976
0.28463782472371624	318.7378976
0.28347520720491004	318.7378976
0.2824179107180831	318.7378976
0.2813172602286041	318.7378976
0.28004291149233096	318.7378976
0.2787538119359655	318.7378976
0.27744279004856437	318.7378976
0.27572542356174073	318.7378976
0.27342516577381326	318.7378976
0.270821991639161	318.7378976
0.26823587486751455	318.7378976
0.2657792086384546	318.7378976
0.26423974423917346	593.4963602592295
0.26472751271939965	676.0413814032731
0.26681718795517695	644.21418305406
0.26973768785394475	674.5000922879067
0.27333063127162804	721.184990112148
0.2768342352606967	771.5702938548299
0.2800599901174094	798.5197652198085
0.2838011561844531	774.0986567419734
0.28808733441546625	713.7698329199898
0.29216553610800816	642.5496565072635
0.2959696730381908	537.508169701091
0.29947091586875035	384.71558293643244
0.3025129215936578	318.7378976
0.30521135747004147	318.7378976
0.30779164681613325	318.7378976
0.31012775088132877	318.7378976
0.3118096326871228	318.7378976
0.3125011844899829	318.7378976
0.3119722869241075	318.7378976
0.3102246926759232	318.7378976
0.3079263733109879	318.7378976
0.3058599565477258	318.7378976
0.30370997340739636	318.7378976
0.3010433153420482	318.7378976
0.2980075819118171	318.7378976
0.29496975276779236	318.7378976
0.29201549446995173	318.7378976
0.2893769259620001	318.7378976
0.28753125130070906	318.7378976
0.28632311113090725	318.7378976
0.28528194858625217	318.7378976
0.2839933703905259	318.7378976
0.2825287077683118	318.7378976
0.28069352271298964	318.7378976
0.2783591985560856	318.7378976
0.27533922612529044	318.7378976
0.2718715009686714	318.7378976
0.26844148309864774	318.7378976
0.2657459510468209	318.7378976
0.26365096615810646	318.7378976
0.2622416686085605	371.77735201838226
0.26156434681798235	638.5164629447378
0.2617570566426773	887.1207719442417
0.2630362826411674	1058.1138085333118
0.2655734107853753	1100.806389911208
0.26904416697215017	1065.446871283058
0.2730108927601614	1032.8832226100424
0.27743356183467116	984.4148780230973
0.2817095918330644	961.0153700471363
0.28590319048427437	944.4855338550847
0.29015971581271854	913.4785304776673
0.29415265928609213	884.5111307702958
0.2976807680434115	844.9003487668714
0.30082313000526467	773.9091850471043
0.30353861209776123	658.5670576739767
0.30595292548718633	477.00188178008074
0.30835441187382934	318.7378976
0.3106862381074377	318.7378976
0.31273697849224286	318.7378976
0.3143111285521791	318.7378976
0.3149162268534076	318.7378976
0.31414379044163004	318.7378976
0.312235746600228	318.7378976
0.30940607086378646	318.7378976
0.30545053530657335	318.7378976
0.30080423996129824	318.7378976
0.2964586253036225	318.7378976
0.2928944910365843	318.7378976
0.2908868758560076	318.7378976
0.2903926852469269	318.7378976
0.29059597610934523	318.7378976
0.29045246201453745	318.7378976
0.28983300290310504	318.7378976
0.28892368732340473	318.7378976
0.28756684576673264	318.7378976
0.2855696917222464	318.7378976
0.2830780665473617	318.7378976
0.28017577074088423	318.7378976
0.27673076646173467	318.7378976
0.2726562706641283	318.7378976
0.2684213920638684	318.7378976
0.265087425599442	530.5647337426456
0.2634151655980364	688.5991476033054
0.2633472415976863	718.1146720350869
0.2640580470636777	806.4988776069279
0.2652975922786454	937.0075135919215
0.26718413633024085	993.5066536564163
0.26974271915072917	951.310098099833
0.27275424569056317	939.7448778732169
0.27654839673986015	935.5043001613175
0.2809378581015901	896.5863075928685
0.2852609023106847	845.9388580248959
0.28930615388760555	808.2799982370101
0.29333712321960226	769.6963714739618
0.29724702443505335	728.7513834471479
0.30057604490890594	690.5718540079755
0.30348191392541657	595.0293752469738
0.3060964432217222	409.0106654523932
0.30878641900553555	318.7378976
0.3114344679259776	318.7378976
0.3140071891635936	318.7378976
0.3160188129743352	318.7378976
0.3170145625612013	318.7378976
0.3159640410555509	318.7378976
0.31361569298033526	318.7378976
0.31058612059810603	318.7378976
0.30741719424350616	318.7378976
0.30407594882398825	318.7378976
0.3009312862915463	318.7378976
0.2973974351542653	318.7378976
0.2940222326661621	318.7378976
0.2912941962825984	318.7378976
0.28922412058791047	318.7378976
0.2879054707351189	318.7378976
0.2872733635742386	318.7378976
0.2868444770760849	318.7378976
0.2861612143662155	318.7378976
0.28519398008261554	318.7378976
0.2836872445430613	318.7378976
0.28173524373562325	318.7378976
0.27918543441712657	318.7378976
0.27613376425917174	318.7378976
0.272776151458453	318.7378976
0.2696486555293693	318.7378976
0.26655937098652255	318.7378976
0.26346601489978355	318.7378976
0.2605397167707659	318.7378976
0.25852854150309873	670.0575478896092
0.25842702188141403	856.3903958461441
0.26015010333453736	871.1493989921386
0.26333310289409656	818.7299886301764
0.2676490530166734	737.0024103012104
0.2719250402118616	676.8395567320415
0.27547141354299925	653.8397060836965
0.2795142647027421	570.2555139752606
0.28434464841867707	446.1704957569327
0.28905806417164814	342.4326312751818
0.29331588427752875	318.7378976
0.29720984911502796	318.7378976
0.3005780380788151	318.7378976
0.30361800251819454	318.7378976
0.30677263623053647	318.7378976
0.3100683315758799	318.7378976
0.3127224447167197	318.7378976
0.3143438441611078	318.7378976
0.3140797049842401	318.7378976
0.3119796549612245	318.7378976
0.30893991446380475	318.7378976
0.3064739190080986	318.7378976
0.3044761984076707	318.7378976
0.30259535492971895	318.7378976
0.30005001445166907	318.7378976
0.2969418524322989	318.7378976
0.2940550505367976	318.7378976
0.2914036760580043	318.7378976
0.28902284809737316	318.7378976
0.2876756131172396	318.7378976
0.2870818505843642	318.7378976
0.28604508647074567	318.7378976
0.28456900031845406	318.7378976
0.2830596700274974	318.7378976
0.2813896287207491	318.7378976
0.2792234129340292	318.7378976
0.2765737556529392	318.7378976
0.27344096588337313	318.7378976
0.2699686295512255	318.7378976
0.266367748318361	318.7378976
0.2628840254285592	318.7378976
0.2605897800275182	535.0769214056645
0.25980546546249694	759.6095934619345
0.2603560079932145	902.6902412636035
0.26224439868357935	953.6121672869892
0.2651969790701979	927.2335641660185
0.26837390219603074	910.6372677859895
0.271794519578563	891.6262722196893
0.2757255079161519	849.4296296490124
0.28017189688566985	752.7138127638126
0.2848928374415751	611.2918156970753
0.28937369994327367	492.2611252413476
0.29360177716726715	366.2847277768775
0.2974693435814136	318.7378976
0.30070469500395997	318.7378976
0.30333419515349275	318.7378976
0.30559062181816954	318.7378976
0.3076430530503045	318.7378976
0.30946380082861485	318.7378976
0.31105338651769804	318.7378976
0.3120688591578224	318.7378976
0.31163033644028054	318.7378976
0.3090548009206086	318.7378976
0.30500466373178153	318.7378976
0.30084936580660826	318.7378976
0.29681329564150477	318.7378976
0.2930572067357644	318.7378976
0.2904152702336183	318.7378976
0.2889133914185202	318.7378976
0.28771592226687304	318.7378976
0.28670089343131405	318.7378976
0.28631636243549635	318.7378976
0.2862721555584939	318.7378976
0.28586484336336115	318.7378976
0.285024126280559	318.7378976
0.2839917671276481	318.7378976
0.28234169266680526	318.7378976
0.28004479417673794	318.7378976
0.2771054923186287	318.7378976
0.2736460263038522	318.7378976
0.27021161242701236	318.7378976
0.26749700080189437	318.7378976
0.2651786484801317	318.7378976
0.2631761517341581	337.01198798288493
0.2615078435548711	693.6770302214536
0.2605956241446073	1048.4704070516527
0.2616402320311848	1160.1675847165552
0.26436413016425386	1099.1857379724297
0.2679823237969448	1022.8792623397679
0.27258969088745005	919.7510082814108
0.2779473044757582	761.2322744428232
0.2827482276348602	640.3248038100529
0.28704855289928344	572.0853719929388
0.291572828737221	497.06300372585247
0.2960695784337202	384.90728933075326
0.2999560551473743	318.7378976
0.3031667745609415	318.7378976
0.30580141183992987	318.7378976
0.30794773431417344	318.7378976
0.3097035452313158	318.7378976
0.3112378794255679	318.7378976
0.31254306274726745	318.7378976
0.3134483436916533	318.7378976
0.31331540118549767	318.7378976
0.3123477581099685	318.7378976
0.3114093275173661	318.7378976
0.310146925168461	318.7378976
0.3067349034639203	318.7378976
0.3010442033249078	318.7378976
0.29573511784136947	318.7378976
0.29123824932464903	318.7378976
0.2870740043635906	318.7378976
0.28550535915103903	318.7378976
0.2865940280449687	318.7378976
0.28715611915355826	318.7378976
0.2861988026508941	318.7378976
0.2856785238814995	318.7378976
0.2859147905613367	318.7378976
0.2853295971318099	318.7378976
0.28362057138990887	318.7378976
0.28128682126513627	318.7378976
0.2781343317782575	318.7378976
0.27424691065867707	318.7378976
0.27046375809104883	318.7378976
0.2673416637377349	318.7378976
0.26477363360181916	318.7378976
0.2627044611040283	318.7378976
0.26116393617111217	428.0825790098187
0.2599989901111641	772.6889605334784
0.26002659728699967	999.4490805342605
0.26204280295957555	1004.4396846177252
0.2655332796236488	934.5194493473493
0.26971199145070046	904.9192354338878
0.274503340724569	882.9849670585797
0.2794948201151216	847.7007824941194
0.28422047249212606	798.2530028889919
0.2885797067756971	777.7640583321725
0.29261201669805326	784.7225912285307
0.2963098539795358	761.4452277549526
0.2995486135671275	680.7154582655023
0.30252782152635055	513.100268556469
0.3058378632986322	318.7378976
0.3093609479792177	318.7378976
0.31233479327565816	318.7378976
0.3144692241858775	318.7378976
0.31559454078121574	318.7378976
0.3149616864538173	318.7378976
0.3126190429653117	318.7378976
0.30970517397971103	318.7378976
0.3066598045147122	318.7378976
0.30319153098311596	318.7378976
0.2994188888875153	318.7378976
0.2959030803637576	318.7378976
0.29277573423398284	318.7378976
0.29025723035915313	318.7378976
0.2883902183054861	318.7378976
0.28727692220001244	318.7378976
0.2868307609487337	318.7378976
0.2865547571331995	318.7378976
0.28605371427051157	318.7378976
0.28543796037459457	318.7378976
0.28453333634041134	318.7378976
0.28304622949311153	318.7378976
0.2809447365051921	318.7378976
0.27809427672821974	318.7378976
0.2749263809122472	318.7378976
0.27207644210176807	318.7378976
0.2694668828813934	318.7378976
0.26688653407845914	318.7378976
0.26463941981747824	318.7378976
0.2628944167722201	662.5432902987545
0.2620870787884726	962.9556869276526
0.26289224701415936	1092.0973358492918
0.26535839874379774	1060.3399783989985
0.268915012470329	967.2016277287427
0.27322971632762827	852.7498145428992
0.27780487591358854	753.7534811064234
0.28205014805780815	733.5980491585116
0.2864055093333018	710.0117696085235
0.2908830784842355	674.7873582643438
0.2951134827043304	631.6997120737617
0.2988718832159524	559.0316310904097
0.3023010738330373	424.68215038040233
0.30545579310374343	318.7378976
0.30833635818179594	318.7378976
0.3109064113190866	318.7378976
0.3129738227795562	318.7378976
0.3144915559217932	318.7378976
0.315370935467353	318.7378976
0.31506917746967145	318.7378976
0.3136509422602323	318.7378976
0.31167800296630666	318.7378976
0.3093207509912813	318.7378976
0.30604226445977817	318.7378976
0.3020660357287109	318.7378976
0.2981542599245346	318.7378976
0.29466042164673434	318.7378976
0.29194525264518656	318.7378976
0.29000727599600845	318.7378976
0.2885698714715596	318.7378976
0.2874697082242177	318.7378976
0.2866407318363953	318.7378976
0.2857256930543562	318.7378976
0.28476208634190286	318.7378976
0.2836170680014319	318.7378976
0.28209392274857675	318.7378976
0.2802112966286545	318.7378976
0.2780510274706877	318.7378976
0.2757560737208662	318.7378976
0.2733930336820015	318.7378976
0.2710752590870592	372.4506094460136
0.26901442606229187	670.4400707587095
0.26793683227094367	888.7932614760423
0.26807078969465586	1010.0357646132524
0.2696516001690208	1017.5749610509505
0.2724445357532844	942.9937602605041
0.276001678784634	859.423142282559
0.2797518702118228	814.8762936891137
0.28379598105454673	747.4897693993565
0.2878895626425913	665.091472881016
0.29183255377426476	568.5192863600621
0.2955752434305291	442.131198615271
0.2990367780618447	318.7378976
0.3019771820228707	318.7378976
0.3043364047368801	318.7378976
0.306275542475303	318.7378976
0.30774355508942014	318.7378976
0.30850660201440533	318.7378976
0.30874809922692076	318.7378976
0.3083545418717881	318.7378976
0.3071935825341626	318.7378976
0.3051911806664078	318.7378976
0.3020594893952755	318.7378976
0.29792802254601486	318.7378976
0.2932001824200673	318.7378976
0.28774763253478997	318.7378976
0.282152746590711	318.7378976
0.2783809546432412	318.7378976
0.27650933593204297	318.7378976
0.27610654236807425	318.7378976
0.2771831958775625	318.7378976
0.27935884917807136	318.7378976
0.2811727028452128	318.7378976
0.2816704932209124	318.7378976
0.28165127893600517	318.7378976
0.281651253459122	318.7378976
0.28085630581539006	318.7378976
0.27913843975218333	318.7378976
0.27695363227088915	318.7378976
0.2740951571361019	318.7378976
0.2709112741707721	318.7378976
0.2678141071129417	354.46032683835244
0.2656218256195367	689.8835389816097
0.26486342209257485	900.6663695647602
0.26644251106154354	843.7171298595173
0.26970357529217187	658.4818954438264
0.27362708157876636	551.9706351876254
0.27680539509178276	690.8588894837008
0.27898245624830054	862.635028769632
0.2808247622809321	969.0064634950837
0.283840583886853	971.2046449757809
0.2878544766370856	914.1688761544622
0.29194438999581296	814.7645369635014
0.2956862342082855	701.8844095161387
0.2993520280494447	546.1288677714194
0.30270148069176195	358.4030081851124
0.30556614584929176	318.7378976
0.3082716483642587	318.7378976
0.31101524062676944	318.7378976
0.3137138988375278	318.7378976
0.31593856042825497	318.7378976
0.31699959029646196	318.7378976
0.3161280504154939	318.7378976
0.31412095891179115	318.7378976
0.3114171008720721	318.7378976
0.308741923257529	318.7378976
0.3061107466964676	318.7378976
0.3030040507990242	318.7378976
0.29922554837034065	318.7378976
0.29566017885345725	318.7378976
0.29279544985207806	318.7378976